Note-> Original_Parse_Count    CKY_Parser_count
2085 0
1380 402
50 13
18 0
0 0
20 0
0 0
0 0
1059 0
0 0
0 0
0 0
0 0
0 0
54 0
3 0
55 0
0 0
0 0
1 0
1 0
3 2
17 0
2 0
2 1
11 0
0 0
1 0
0 0
597 202
44 0
0 0
437 3
1 0
6 0
15 15
0 0
0 0
0 0
598 0
8913 1690
569 0
28250 10154
9 0
1010 0
6153 0
32 0
7 0
8 0
136 0
295 0
21 0
10 2
5 1
3 2
10 0
3 2
0 0
10 0
36122 0
6 1
9 0
293 275
0 0
0 0
2 1
0 0
5 0
0 0
0 0
0 0
13 0
0 0
716 321
0 0
22 8
0 0
0 0
5 1
19 17
2 2
2 2
11 7
5 2
24 12
0 5
200 87
200 87
72 0
4 2
354 0
229 3
46 18
106 0
85 0
17 4
1645 0
7 0